generation	G	population	popgen	indiv	plantheight	biomass	no_of_nodes	no_of_flowers	day_to_flower	seed_cap	seedmass	Latitude
first	1	1	first1	1	197.00	37.90	9.00	245.00	124.00	7.17	9.65	50.01
first	1	1	first1	2	214.00	30.80	9.00	108.00	119.00	2.50	9.14	50.01
first	1	1	first1	3	170.00	27.60	9.00	163.00	128.00	4.40	7.55	50.01
first	1	1	first1	4	168.00	26.20	7.00	176.00	120.00	3.40	4.89	50.01
first	1	1	first1	5	219.00	28.00	9.00	90.00	118.00	3.64	6.56	50.01
first	1	1	first1	6	140.50	21.40	9.00	52.00	117.00	4.73	10.12	50.01
first	1	1	first1	7	199.00	24.30	9.00	65.00	130.00	3.13	7.90	50.01
first	1	1	first1	8	207.00	27.50	10.00	53.00	141.00	3.90	10.37	50.01
first	1	1	first1	9	236.00	35.80	8.00	142.00	109.00	4.20	8.76	50.01
first	1	1	first1	10	230.00	40.70	10.00	257.00	114.00	3.17	8.49	50.01
first	1	1	first1	11	239.00	37.80	10.00	186.00	118.00	6.00	8.63	50.01
first	1	1	first1	12	170.00	39.00	9.00	224.00	121.00	3.20	6.95	50.01
first	1	1	first1	13	166.00	24.50	9.00	113.00	118.00	5.20	10.21	50.01
first	1	1	first1	14	211.50	27.90	10.00	71.00	118.00	3.83	7.81	50.01
first	1	1	first1	15	192.00	26.00	9.00	105.00	114.00	4.08	8.67	50.01
first	1	1	first1	16	209.00	28.80	10.00	138.00	130.00	3.92	8.45	50.01
first	1	1	first1	17	195.00	25.70	9.00	84.00	115.00	3.82	9.42	50.01
first	1	1	first1	18	171.00	33.10	9.00	217.00	109.00	4.82	6.08	50.01
first	1	1	first1	19	192.50	28.20	9.00	103.00	120.00	3.80	7.80	50.01
first	1	1	first1	20	158.00	48.90	8.00	298.00	119.00	6.60	11.16	50.01
first	1	1	first1	21	212.00	45.00	10.00	124.00	130.00	3.25	7.77	50.01
first	1	1	first1	22	194.00	38.90	10.00	262.00	118.00	5.27	9.93	50.01
first	1	1	first1	23	181.00	21.10	9.00	132.00	117.00	5.18	6.25	50.01
first	1	1	first1	24	193.00	23.30	9.00	56.00	113.00	5.40	12.10	50.01
first	1	1	first1	25	248.00	39.80	10.00	161.00	131.00	4.18	8.24	50.01
first	1	1	first1	26	210.50	28.40	9.00	141.00	119.00	3.20	7.18	50.01
first	1	1	first1	27	175.00	29.70	9.00	137.00	117.00	6.10	10.07	50.01
first	1	1	first1	28	156.00	23.40	9.00	79.00	104.00	4.20	6.45	50.01
first	1	1	first1	29	248.50	30.60	9.00	60.00	121.00	3.11	7.42	50.01
first	1	1	first1	30	192.00	24.10	10.00	72.00	140.00	4.46	10.16	50.01
first	1	2	first2	31	152.00	29.90	9.00	186.00	115.00	4.00	8.79	50.88
first	1	2	first2	32	132.00	36.10	8.00	197.00	108.00	7.30	11.92	50.88
first	1	2	first2	33	231.00	38.90	10.00	152.00	92.00	5.64	7.33	50.88
first	1	2	first2	34	132.00	25.30	8.00	72.00	114.00	6.20	8.85	50.88
first	1	2	first2	35	195.00	38.70	10.00	176.00	120.00	3.80	5.84	50.88
first	1	2	first2	36	157.00	46.40	9.00	253.00	109.00	4.90	9.04	50.88
first	1	2	first2	37	191.00	49.70	9.00	169.00	107.00	2.80	14.92	50.88
first	1	2	first2	38	150.50	41.20	9.00	92.00	127.00	4.70	11.93	50.88
first	1	2	first2	39	170.00	39.50	9.00	279.00	98.00	6.30	13.56	50.88
first	1	2	first2	40	178.50	47.80	10.00	263.00	92.00	4.27	8.76	50.88
first	1	2	first2	41	79.00	21.10	8.00	92.00	112.00	3.80	8.61	50.88
first	1	2	first2	42	167.00	28.90	9.00	84.00	83.00	3.00	10.67	50.88
first	1	2	first2	43	123.50	25.10	8.00	87.00	109.00	4.00	8.40	50.88
first	1	2	first2	44	149.00	24.10	9.00	69.00	96.00	3.46	7.37	50.88
first	1	2	first2	45	152.00	29.50	9.00	131.00	119.00	4.75	8.68	50.88
first	1	2	first2	46	145.00	29.20	10.00	164.00	128.00	3.60	7.79	50.88
first	1	2	first2	47	130.50	23.60	9.00	143.00	109.00	4.00	10.09	50.88
first	1	2	first2	48	152.00	28.00	10.00	124.00	85.00	4.45	8.93	50.88
first	1	2	first2	49	124.00	38.60	7.00	207.00	101.00	5.17	11.07	50.88
first	1	2	first2	50	176.00	41.50	10.00	266.00	90.00	3.90	5.95	50.88
first	1	2	first2	51	164.00	43.20	10.00	227.00	108.00	4.12	7.75	50.88
first	1	2	first2	52	161.00	21.20	9.00	63.00	106.00	2.67	9.27	50.88
first	1	2	first2	53	135.00	25.50	10.00	53.00	127.00	4.30	9.56	50.88
first	1	2	first2	54	113.00	21.10	9.00	40.00	103.00	3.45	7.88	50.88
first	1	2	first2	55	171.00	52.90	10.00	309.00	93.00	4.92	10.00	50.88
first	1	2	first2	56	179.00	34.40	10.00	167.00	91.00	4.88	10.20	50.88
first	1	2	first2	57	163.00	34.10	9.00	196.00	107.00	6.50	8.50	50.88
first	1	2	first2	58	206.00	31.90	10.00	179.00	120.00	4.45	8.45	50.88
first	1	2	first2	59	164.50	29.90	11.00	118.00	108.00	5.71	8.96	50.88
first	1	2	first2	60	200.00	34.10	11.00	193.00	115.00	6.50	7.70	50.88
first	1	3	first3	61	162.00	30.70	11.00	216.00	90.00	5.18	10.48	53.19
first	1	3	first3	62	158.00	31.20	9.00	108.00	132.00	3.06	9.55	53.19
first	1	3	first3	63	132.50	24.70	9.00	138.00	104.00	4.67	6.13	53.19
first	1	3	first3	64	173.00	25.70	9.00	126.00	98.00	4.30	9.17	53.19
first	1	3	first3	65	118.50	22.40	9.00	79.00	114.00	4.08	8.60	53.19
first	1	3	first3	66	166.00	37.60	9.00	281.00	84.00	3.80	8.89	53.19
first	1	3	first3	67	154.00	19.60	9.00	62.00	116.00	3.70	5.39	53.19
first	1	3	first3	68	151.00	24.20	10.00	131.00	109.00	4.20	4.85	53.19
first	1	3	first3	69	140.50	20.90	10.00	67.00	89.00	4.44	9.93	53.19
first	1	3	first3	70	165.50	25.20	10.00	177.00	131.00	5.60	5.12	53.19
first	1	3	first3	71	177.00	28.50	9.00	277.00	97.00	5.90	7.54	53.19
first	1	3	first3	72	178.50	22.70	9.00	93.00	111.00	4.10	6.02	53.19
first	1	3	first3	73	111.50	18.60	8.00	55.00	115.00	3.36	5.85	53.19
first	1	3	first3	74	177.50	23.40	9.00	141.00	98.00	2.60	5.63	53.19
first	1	3	first3	75	129.00	20.60	9.00	85.00	117.00	5.10	6.19	53.19
first	1	3	first3	76	130.00	28.80	9.00	171.00	114.00	4.20	4.76	53.19
first	1	3	first3	77	111.50	43.00	9.00	103.00	117.00	5.09	5.66	53.19
first	1	3	first3	78	136.50	27.90	8.00	81.00	109.00	3.70	5.34	53.19
first	1	3	first3	79	170.00	23.50	8.00	98.00	126.00	5.60	7.74	53.19
first	1	3	first3	80	151.50	20.20	8.00	47.00	117.00	4.30	6.75	53.19
first	1	3	first3	81	187.00	26.60	9.00	114.00	107.00	4.82	5.88	53.19
first	1	3	first3	82	217.00	31.20	10.00	135.00	103.00	4.73	5.79	53.19
first	1	3	first3	83	176.00	21.20	9.00	107.00	84.00	3.64	6.58	53.19
first	1	3	first3	84	191.00	24.70	9.00	193.00	98.00	5.00	8.80	53.19
first	1	3	first3	85	254.00	34.10	11.00	136.00	96.00	7.91	8.79	53.19
first	1	3	first3	86	192.00	29.10	10.00	157.00	101.00	5.00	6.40	53.19
first	1	3	first3	87	200.50	34.30	9.00	182.00	120.00	3.90	5.58	53.19
first	1	3	first3	88	135.00	22.30	9.00	93.00	108.00	4.50	5.01	53.19
first	1	3	first3	89	143.00	20.00	8.00	69.00	92.00	5.50	8.84	53.19
first	1	3	first3	90	157.00	23.30	8.00	112.00	91.00	3.80	5.93	53.19
first	1	4	first4	91	116.50	25.30	8.00	107.00	107.00	7.80	6.78	55.99
first	1	4	first4	92	154.00	31.20	9.00	343.00	89.00	5.40	9.20	55.99
first	1	4	first4	93	92.00	33.80	7.00	484.00	84.00	3.27	10.13	55.99
first	1	4	first4	94	165.00	31.60	8.00	183.00	81.00	2.54	9.74	55.99
first	1	4	first4	95	134.00	26.70	7.00	230.00	89.00	2.90	9.05	55.99
first	1	4	first4	96	120.00	24.70	7.00	168.00	92.00	5.60	12.93	55.99
first	1	4	first4	97	128.00	22.30	7.00	93.00	88.00	3.40	12.30	55.99
first	1	4	first4	98	100.00	24.30	7.00	166.00	102.00	5.70	11.49	55.99
first	1	4	first4	99	117.00	21.30	6.00	131.00	101.00	3.38	9.13	55.99
first	1	4	first4	100	90.50	35.10	7.00	432.00	103.00	6.00	14.07	55.99
first	1	4	first4	101	112.00	22.30	7.00	123.00	128.00	5.90	11.47	55.99
first	1	4	first4	102	102.00	32.70	7.00	257.00	103.00	4.18	8.78	55.99
first	1	4	first4	103	98.00	35.40	7.00	297.00	117.00	6.00	14.59	55.99
first	1	4	first4	104	104.50	29.00	8.00	241.00	104.00	4.09	6.72	55.99
first	1	4	first4	105	123.50	36.10	7.00	299.00	103.00	5.92	11.57	55.99
first	1	4	first4	106	140.00	32.00	8.00	357.00	108.00	7.20	10.61	55.99
first	1	4	first4	107	93.00	46.10	7.00	380.00	112.00	6.58	9.69	55.99
first	1	4	first4	108	82.00	21.80	7.00	129.00	119.00	6.91	8.01	55.99
first	1	4	first4	109	133.50	24.70	8.00	166.00	106.00	2.80	8.16	55.99
first	1	4	first4	110	127.00	25.30	8.00	167.00	110.00	4.80	8.66	55.99
first	1	4	first4	111	125.00	29.60	8.00	224.00	112.00	6.10	7.96	55.99
first	1	4	first4	112	92.00	33.50	7.00	206.00	102.00	4.20	14.66	55.99
first	1	4	first4	113	139.00	27.00	9.00	142.00	103.00	4.00	8.70	55.99
first	1	4	first4	114	91.00	18.60	7.00	187.00	89.00	5.45	7.17	55.99
first	1	4	first4	115	136.50	25.00	7.00	193.00	85.00	2.80	7.11	55.99
first	1	4	first4	116	87.00	18.50	7.00	215.00	111.00	4.60	9.17	55.99
first	1	4	first4	117	132.00	27.30	9.00	186.00	90.00	3.60	9.00	55.99
first	1	4	first4	118	128.00	30.80	8.00	96.00	107.00	5.43	10.43	55.99
first	1	4	first4	119	158.00	35.60	8.00	232.00	79.00	2.31	11.11	55.99
first	1	4	first4	120	102.00	25.80	8.00	213.00	89.00	4.10	8.06	55.99
first	1	5	first5	121	104.50	17.90	7.00	67.00	99.00	3.00	4.78	59.16
first	1	5	first5	122	110.00	24.90	8.00	140.00	102.00	8.55	4.07	59.16
first	1	5	first5	123	121.00	26.10	7.00	96.00	98.00	2.64	5.28	59.16
first	1	5	first5	124	126.00	21.60	7.00	110.00	108.00	3.70	9.70	59.16
first	1	5	first5	125	132.50	25.00	7.00	134.00	104.00	3.00	9.69	59.16
first	1	5	first5	126	113.00	20.90	7.00	129.00	105.00	3.75	5.66	59.16
first	1	5	first5	127	118.00	20.80	7.00	113.00	102.00	3.00	7.65	59.16
first	1	5	first5	128	168.00	26.90	7.00	192.00	111.00	3.30	5.73	59.16
first	1	5	first5	129	95.00	27.80	7.00	124.00	77.00	5.00	6.62	59.16
first	1	5	first5	130	131.00	28.50	8.00	142.00	82.00	2.89	7.10	59.16
first	1	5	first5	131	110.50	23.40	7.00	212.00	80.00	6.40	13.50	59.16
first	1	5	first5	132	129.00	25.70	8.00	194.00	92.00	4.70	6.84	59.16
first	1	5	first5	133	121.00	22.70	7.00	114.00	94.00	3.91	6.69	59.16
first	1	5	first5	134	146.00	34.30	7.00	205.00	118.00	4.20	6.98	59.16
first	1	5	first5	135	160.00	30.40	7.00	204.00	113.00	8.00	9.27	59.16
first	1	5	first5	136	169.00	24.60	7.00	174.00	112.00	2.60	6.54	59.16
first	1	5	first5	137	127.50	23.00	7.00	131.00	98.00	2.50	6.86	59.16
first	1	5	first5	138	132.00	29.50	7.00	170.00	109.00	5.36	9.03	59.16
first	1	5	first5	139	78.00	20.00	7.00	91.00	108.00	3.36	7.79	59.16
first	1	5	first5	140	157.50	34.00	8.00	317.00	88.00	5.45	9.55	59.16
first	1	5	first5	141	132.50	31.10	7.00	331.00	92.00	4.82	7.83	59.16
first	1	5	first5	142	179.00	32.10	7.00	128.00	74.00	3.60	7.12	59.16
first	1	5	first5	143	148.00	34.80	7.00	144.00	99.00	3.93	11.35	59.16
first	1	5	first5	144	133.00	26.40	7.00	193.00	94.00	2.70	6.50	59.16
first	1	5	first5	145	157.00	28.30	7.00	237.00	97.00	2.40	8.97	59.16
first	1	5	first5	146	135.00	24.40	8.00	87.00	89.00	3.00	4.91	59.16
first	1	5	first5	147	162.00	27.70	7.00	197.00	113.00	2.80	6.13	59.16
first	1	5	first5	148	130.50	23.60	8.00	353.00	117.00	4.00	7.42	59.16
first	1	5	first5	149	160.00	29.30	8.00	189.00	105.00	3.50	7.08	59.16
first	1	5	first5	150	172.00	24.30	7.00	150.00	112.00	3.11	9.71	59.16
first	1	6	first6	151	94.00	24.60	7.00	246.00	90.00	5.20	3.47	63.47
first	1	6	first6	152	71.00	23.60	6.00	221.00	79.00	4.40	4.67	63.47
first	1	6	first6	153	100.00	27.50	6.00	248.00	110.00	5.09	5.09	63.47
first	1	6	first6	154	87.70	26.50	7.00	286.00	106.00	4.70	5.89	63.47
first	1	6	first6	155	109.00	23.60	6.00	271.00	90.00	6.60	5.65	63.47
first	1	6	first6	156	97.50	32.10	6.00	301.00	106.00	7.20	8.29	63.47
first	1	6	first6	157	90.00	28.20	6.00	307.00	83.00	4.58	7.63	63.47
first	1	6	first6	158	95.00	26.00	6.00	209.00	101.00	7.25	3.85	63.47
first	1	6	first6	159	90.40	39.10	6.00	293.00	97.00	3.21	6.29	63.47
first	1	6	first6	160	73.00	24.70	6.00	223.00	92.00	3.33	7.08	63.47
first	1	6	first6	161	104.00	26.70	6.00	241.00	82.00	5.62	8.20	63.47
first	1	6	first6	162	147.00	32.40	7.00	252.00	90.00	6.15	5.45	63.47
first	1	6	first6	163	89.50	26.40	6.00	377.00	103.00	5.67	5.39	63.47
first	1	6	first6	164	87.00	30.10	6.00	341.00	101.00	5.90	8.78	63.47
first	1	6	first6	165	98.50	38.70	6.00	328.00	81.00	4.45	4.52	63.47
first	1	6	first6	166	78.00	25.90	7.00	347.00	83.00	6.47	10.90	63.47
first	1	6	first6	167	165.00	30.00	6.00	336.00	93.00	5.88	7.99	63.47
first	1	6	first6	168	91.00	26.70	6.00	313.00	70.00	6.50	6.09	63.47
first	1	6	first6	169	86.00	27.70	6.00	251.00	81.00	9.00	5.93	63.47
first	1	6	first6	170	95.00	28.50	7.00	307.00	94.00	5.45	6.15	63.47
first	1	6	first6	171	94.50	22.90	6.00	303.00	98.00	4.10	5.98	63.47
first	1	6	first6	172	69.00	20.40	7.00	285.00	82.00	4.46	6.43	63.47
first	1	6	first6	173	73.00	24.30	6.00	298.00	78.00	5.55	8.74	63.47
first	1	6	first6	174	144.00	30.00	6.00	312.00	103.00	2.82	6.89	63.47
first	1	6	first6	175	71.00	21.30	6.00	222.00	83.00	4.00	10.08	63.47
first	1	6	first6	176	96.00	30.10	6.00	339.00	89.00	8.23	4.57	63.47
first	1	6	first6	177	141.00	27.80	7.00	285.00	105.00	4.10	7.64	63.47
first	1	6	first6	178	90.00	26.60	6.00	312.00	110.00	5.40	4.77	63.47
first	1	6	first6	179	84.00	27.90	7.00	208.00	92.00	4.80	7.08	63.47
first	1	6	first6	180	98.00	23.50	7.00	262.00	80.00	4.42	6.61	63.47
second	2	1	second1	1	159.00	9.80	10.00	37.00	124.00	5.00	9.30	50.01
second	2	1	second1	2	221.50	18.90	8.00	96.00	111.00	5.33	6.29	50.01
second	2	1	second1	3	206.00	12.30	7.00	85.00	108.00	8.00	14.06	50.01
second	2	1	second1	4	232.00	19.70	9.00	84.00	122.00	6.00	8.49	50.01
second	2	1	second1	5	280.00	38.40	10.00	139.00	130.00	6.00	9.37	50.01
second	2	1	second1	6	191.00	21.30	8.00	117.00	111.00	7.13	6.81	50.01
second	2	1	second1	7	238.00	20.20	9.00	58.00	130.00	5.10	7.35	50.01
second	2	1	second1	8	260.00	30.10	10.00	91.00	130.00	4.00	9.53	50.01
second	2	1	second1	9	254.00	20.70	8.00	58.00	119.00	5.90	10.47	50.01
second	2	1	second1	10	304.00	36.00	10.00	102.00	124.00	7.00	7.99	50.01
second	2	1	second1	11	190.00	16.50	7.00	109.00	111.00	9.00	8.23	50.01
second	2	1	second1	12	255.00	26.10	10.00	151.00	116.00	4.10	6.84	50.01
second	2	1	second1	13	272.00	26.30	7.00	148.00	88.00	7.33	12.87	50.01
second	2	1	second1	14	180.00	12.90	8.00	85.00	115.00	5.00	10.34	50.01
second	2	1	second1	15	183.50	15.20	7.00	156.00	94.00	4.67	6.98	50.01
second	2	1	second1	16	232.00	21.40	10.00	48.00	131.00	6.30	9.32	50.01
second	2	1	second1	17	176.50	13.10	7.00	115.00	95.00	6.00	7.57	50.01
second	2	1	second1	18	230.00	21.10	7.00	153.00	101.00	5.11	12.25	50.01
second	2	1	second1	19	279.50	19.60	10.00	37.00	130.00	6.00	8.76	50.01
second	2	1	second1	20	217.00	21.60	9.00	115.00	115.00	7.00	7.91	50.01
second	2	1	second1	21	225.00	19.40	8.00	99.00	113.00	6.67	11.92	50.01
second	2	1	second1	22	252.00	25.70	9.00	133.00	122.00	6.00	10.38	50.01
second	2	1	second1	23	197.00	18.10	7.00	76.00	107.00	4.57	10.26	50.01
second	2	1	second1	24	205.00	14.20	7.00	118.00	106.00	11.00	12.75	50.01
second	2	1	second1	25	222.00	21.50	10.00	73.00	130.00	3.25	6.57	50.01
second	2	1	second1	26	225.00	21.60	8.00	135.00	115.00	5.50	8.45	50.01
second	2	1	second1	27	217.00	14.30	7.00	141.00	89.00	8.00	7.09	50.01
second	2	1	second1	28	184.50	20.30	7.00	161.00	94.00	7.67	10.43	50.01
second	2	1	second1	29	296.00	36.00	9.00	76.00	122.00	10.00	17.13	50.01
second	2	1	second1	30	279.00	31.00	9.00	98.00	121.00	9.00	4.11	50.01
second	2	2	second2	31	253.00	30.60	10.00	58.00	120.00	3.00	13.73	50.88
second	2	2	second2	32	236.00	20.10	9.00	78.00	120.00	5.50	10.02	50.88
second	2	2	second2	33	192.00	36.10	10.00	90.00	106.00	6.00	12.37	50.88
second	2	2	second2	34	160.50	21.30	7.00	200.00	101.00	6.40	15.60	50.88
second	2	2	second2	35	242.00	33.10	9.00	118.00	124.00	10.00	10.85	50.88
second	2	2	second2	36	164.00	28.90	7.00	138.00	106.00	3.75	16.27	50.88
second	2	2	second2	37	228.00	37.30	8.00	112.00	108.00	5.14	12.91	50.88
second	2	2	second2	38	280.00	31.40	10.00	44.00	127.00	6.50	8.50	50.88
second	2	2	second2	39	131.50	12.00	7.00	117.00	86.00	4.00	13.76	50.88
second	2	2	second2	40	204.00	17.00	7.00	143.00	94.00	7.57	9.57	50.88
second	2	2	second2	41	177.00	16.30	7.00	157.00	110.00	6.50	10.25	50.88
second	2	2	second2	42	171.50	11.40	5.00	158.00	79.00	5.60	11.34	50.88
second	2	2	second2	43	232.00	23.60	8.00	117.00	114.00	6.40	13.46	50.88
second	2	2	second2	44	181.00	18.90	7.00	181.00	95.00	5.80	10.69	50.88
second	2	2	second2	45	177.00	14.50	8.00	104.00	114.00	8.25	11.96	50.88
second	2	2	second2	46	165.00	52.40	8.00	235.00	118.00	4.00	18.14	50.88
second	2	2	second2	47	200.50	16.20	9.00	63.00	118.00	5.00	10.88	50.88
second	2	2	second2	48	149.00	15.00	6.00	116.00	87.00	5.00	11.20	50.88
second	2	2	second2	49	180.00	13.00	7.00	139.00	106.00	4.33	11.43	50.88
second	2	2	second2	50	150.00	17.60	7.00	147.00	88.00	5.83	10.06	50.88
second	2	2	second2	51	191.00	15.70	8.00	99.00	115.00	5.70	10.40	50.88
second	2	2	second2	52	237.50	19.90	8.00	141.00	102.00	5.33	8.67	50.88
second	2	2	second2	53	155.00	8.70	8.00	37.00	127.00	5.00	12.20	50.88
second	2	2	second2	54	154.00	11.40	8.00	156.00	93.00	6.00	13.20	50.88
second	2	2	second2	55	196.00	20.50	7.00	128.00	88.00	7.57	10.29	50.88
second	2	2	second2	56	172.00	17.50	8.00	95.00	115.00	5.00	9.89	50.88
second	2	2	second2	57	232.00	23.40	7.00	99.00	110.00	6.00	11.73	50.88
second	2	2	second2	58	180.00	34.80	8.00	118.00	118.00	6.00	10.50	50.88
second	2	2	second2	59	236.00	21.50	8.00	76.00	115.00	11.80	8.56	50.88
second	2	2	second2	60	198.00	17.70	7.00	177.00	111.00	7.50	7.14	50.88
second	2	3	second3	61	174.50	35.70	6.00	265.00	88.00	0.00	9.43	53.19
second	2	3	second3	62	267.00	33.10	10.00	55.00	132.00	11.00	10.52	53.19
second	2	3	second3	63	225.00	34.80	8.00	187.00	109.00	0.00	8.76	53.19
second	2	3	second3	64	175.00	11.60	6.00	112.00	94.00	14.00	11.88	53.19
second	2	3	second3	65	224.50	51.40	8.00	360.00	115.00	7.29	17.30	53.19
second	2	3	second3	66	132.00	7.90	6.00	120.00	79.00	4.00	12.23	53.19
second	2	3	second3	67	224.00	16.90	8.00	95.00	118.00	8.00	6.61	53.19
second	2	3	second3	68	152.00	17.40	8.00	143.00	111.00	6.50	7.08	53.19
second	2	3	second3	69	182.00	13.00	6.00	114.00	88.00	10.00	11.78	53.19
second	2	3	second3	70	240.00	36.00	10.00	51.00	131.00	6.00	7.77	53.19
second	2	3	second3	71	226.00	30.40	7.00	139.00	96.00	6.60	11.72	53.19
second	2	3	second3	72	215.00	16.40	9.00	76.00	113.00	9.67	10.40	53.19
second	2	3	second3	73	244.00	24.60	8.00	178.00	111.00	7.75	8.75	53.19
second	2	3	second3	74	203.00	30.60	7.00	275.00	96.00	8.67	8.43	53.19
second	2	3	second3	75	217.00	16.40	8.00	76.00	111.00	7.25	6.24	53.19
second	2	3	second3	76	161.50	14.90	8.00	115.00	106.00	12.00	7.82	53.19
second	2	3	second3	77	230.50	18.80	9.00	77.00	111.00	6.00	9.70	53.19
second	2	3	second3	78	223.00	18.80	9.00	115.00	118.00	5.00	11.86	53.19
second	2	3	second3	79	221.50	24.10	10.00	110.00	121.00	7.00	12.57	53.19
second	2	3	second3	80	261.00	26.90	8.00	151.00	107.00	8.14	9.18	53.19
second	2	3	second3	81	230.00	15.70	9.00	89.00	118.00	6.33	7.68	53.19
second	2	3	second3	82	178.50	18.10	8.00	99.00	111.00	7.86	7.74	53.19
second	2	3	second3	83	150.50	22.10	6.00	260.00	79.00	6.00	8.73	53.19
second	2	3	second3	84	174.00	35.30	7.00	211.00	110.00	5.00	6.86	53.19
second	2	3	second3	85	216.00	32.90	8.00	132.00	102.00	5.00	13.65	53.19
second	2	3	second3	86	185.00	25.30	8.00	164.00	93.00	4.00	7.30	53.19
second	2	3	second3	87	210.00	25.30	9.00	129.00	121.00	5.00	9.33	53.19
second	2	3	second3	88	145.50	23.10	8.00	167.00	105.00	5.83	9.56	53.19
second	2	3	second3	89	169.00	16.60	7.00	216.00	93.00	13.00	11.93	53.19
second	2	3	second3	90	151.00	35.60	7.00	274.00	94.00	6.50	9.70	53.19
second	2	4	second4	91	127.50	13.10	7.00	179.00	87.00	8.50	8.39	55.99
second	2	4	second4	92	158.50	18.10	7.00	239.00	81.00	7.00	14.31	55.99
second	2	4	second4	93	173.00	13.80	7.00	169.00	80.00	6.50	9.32	55.99
second	2	4	second4	94	193.40	15.00	7.00	161.00	88.00	5.00	7.68	55.99
second	2	4	second4	95	168.00	10.20	7.00	75.00	86.00	6.00	8.10	55.99
second	2	4	second4	96	178.50	18.10	8.00	137.00	94.00	5.00	11.49	55.99
second	2	4	second4	97	202.50	20.40	10.00	101.00	113.00	5.33	8.54	55.99
second	2	4	second4	98	171.00	23.60	8.00	192.00	110.00	10.17	12.70	55.99
second	2	4	second4	99	215.00	22.80	7.00	120.00	94.00	6.00	10.23	55.99
second	2	4	second4	100	230.50	23.90	10.00	159.00	113.00	9.50	13.36	55.99
second	2	4	second4	101	163.00	25.90	7.00	160.00	118.00	9.00	19.12	55.99
second	2	4	second4	102	140.00	20.30	7.00	231.00	94.00	7.00	11.75	55.99
second	2	4	second4	103	172.00	11.50	8.00	127.00	111.00	5.67	13.22	55.99
second	2	4	second4	104	203.00	34.40	8.00	234.00	107.00	6.10	11.72	55.99
second	2	4	second4	105	160.00	29.30	8.00	192.00	94.00	7.29	11.70	55.99
second	2	4	second4	106	180.00	18.30	9.00	96.00	110.00	5.00	11.17	55.99
second	2	4	second4	107	181.50	31.70	9.00	258.00	113.00	8.44	12.93	55.99
second	2	4	second4	108	219.50	23.00	9.00	120.00	114.00	6.00	9.23	55.99
second	2	4	second4	109	201.00	23.40	7.00	205.00	110.00	5.67	9.75	55.99
second	2	4	second4	110	195.00	17.70	8.00	174.00	108.00	5.00	10.44	55.99
second	2	4	second4	111	215.50	33.80	9.00	191.00	109.00	5.88	12.58	55.99
second	2	4	second4	112	180.00	15.60	8.00	101.00	107.00	5.00	11.98	55.99
second	2	4	second4	113	153.00	16.10	7.00	145.00	109.00	10.00	10.99	55.99
second	2	4	second4	114	164.00	10.20	7.00	86.00	88.00	7.00	9.40	55.99
second	2	4	second4	115	146.50	12.10	6.00	123.00	78.00	4.00	6.93	55.99
second	2	4	second4	116	153.50	19.60	8.00	168.00	113.00	2.00	6.90	55.99
second	2	4	second4	117	142.50	17.30	7.00	202.00	87.00	7.00	8.80	55.99
second	2	4	second4	118	109.00	17.60	9.00	186.00	108.00	12.00	12.40	55.99
second	2	4	second4	119	147.50	25.00	5.00	333.00	73.00	11.00	11.55	55.99
second	2	4	second4	120	117.50	21.80	7.00	280.00	87.00	6.00	8.41	55.99
second	2	5	second5	121	164.00	16.90	8.00	64.00	90.00	5.17	9.35	59.16
second	2	5	second5	122	155.00	16.20	8.00	140.00	105.00	6.80	8.21	59.16
second	2	5	second5	123	169.00	11.40	8.00	74.00	88.00	4.43	8.66	59.16
second	2	5	second5	124	188.50	14.40	8.00	149.00	106.00	5.60	15.23	59.16
second	2	5	second5	125	162.00	12.60	8.00	116.00	108.00	4.38	8.43	59.16
second	2	5	second5	126	174.50	13.40	8.00	122.00	110.00	6.71	14.61	59.16
second	2	5	second5	127	167.00	15.80	8.00	112.00	110.00	6.80	8.12	59.16
second	2	5	second5	128	159.00	16.60	8.00	89.00	101.00	4.50	8.05	59.16
second	2	5	second5	129	176.00	16.40	7.00	156.00	79.00	8.10	10.07	59.16
second	2	5	second5	130	174.00	10.30	7.00	142.00	87.00	6.00	11.43	59.16
second	2	5	second5	131	169.00	15.80	6.00	208.00	72.00	4.17	16.25	59.16
second	2	5	second5	132	201.00	13.80	7.00	102.00	94.00	6.25	8.51	59.16
second	2	5	second5	133	130.00	15.20	7.00	146.00	86.00	7.50	10.23	59.16
second	2	5	second5	134	180.00	11.50	7.00	135.00	108.00	6.00	12.23	59.16
second	2	5	second5	135	208.00	25.10	9.00	78.00	115.00	5.56	10.84	59.16
second	2	5	second5	136	174.50	11.40	8.00	104.00	110.00	3.63	10.06	59.16
second	2	5	second5	137	194.00	16.50	7.00	119.00	94.00	4.80	12.20	59.16
second	2	5	second5	138	186.50	17.40	8.00	116.00	107.00	5.33	12.06	59.16
second	2	5	second5	139	150.00	14.40	8.00	99.00	104.00	3.50	6.31	59.16
second	2	5	second5	140	164.00	12.30	7.00	97.00	100.00	3.38	12.17	59.16
second	2	5	second5	141	172.00	10.90	7.00	96.00	94.00	6.70	11.78	59.16
second	2	5	second5	142	154.50	10.10	6.00	103.00	72.00	6.25	9.39	59.16
second	2	5	second5	143	196.50	18.90	7.00	131.00	93.00	2.40	8.15	59.16
second	2	5	second5	144	197.00	25.20	8.00	193.00	110.00	3.00	19.81	59.16
second	2	5	second5	145	162.00	15.60	8.00	147.00	95.00	4.40	12.97	59.16
second	2	5	second5	146	155.00	7.00	7.00	54.00	110.00	4.25	11.19	59.16
second	2	5	second5	147	158.00	13.00	8.00	88.00	113.00	6.25	13.96	59.16
second	2	5	second5	148	197.00	22.30	9.00	103.00	111.00	3.50	8.54	59.16
second	2	5	second5	149	167.00	22.30	8.00	158.00	106.00	7.13	10.75	59.16
second	2	5	second5	150	153.00	16.20	7.00	133.00	110.00	3.57	9.50	59.16
second	2	6	second6	151	113.00	8.40	6.00	153.00	91.00	7.67	9.47	63.47
second	2	6	second6	152	118.00	7.90	7.00	94.00	79.00	6.00	8.65	63.47
second	2	6	second6	153	114.50	4.10	7.00	36.00	110.00	7.20	8.52	63.47
second	2	6	second6	154	135.50	19.90	8.00	257.00	108.00	2.00	10.65	63.47
second	2	6	second6	155	128.50	23.50	7.00	358.00	93.00	5.20	8.53	63.47
second	2	6	second6	156	191.00	25.20	9.00	176.00	108.00	9.50	8.86	63.47
second	2	6	second6	157	134.00	20.60	6.00	190.00	87.00	3.88	6.88	63.47
second	2	6	second6	158	228.00	16.60	7.00	110.00	107.00	4.75	7.95	63.47
second	2	6	second6	159	112.00	20.40	7.00	231.00	92.00	6.75	7.54	63.47
second	2	6	second6	160	101.00	19.50	6.00	357.00	99.00	4.38	8.07	63.47
second	2	6	second6	161	112.00	18.20	7.00	281.00	86.00	5.00	7.62	63.47
second	2	6	second6	162	188.00	19.50	7.00	198.00	94.00	6.70	8.47	63.47
second	2	6	second6	163	172.00	12.70	7.00	179.00	94.00	7.90	8.61	63.47
second	2	6	second6	164	126.00	16.50	7.00	204.00	99.00	8.89	7.44	63.47
second	2	6	second6	165	97.50	16.10	7.00	274.00	86.00	6.60	8.28	63.47
second	2	6	second6	166	122.00	11.40	6.00	215.00	79.00	8.43	10.54	63.47
second	2	6	second6	167	205.50	20.20	7.00	133.00	93.00	6.80	9.17	63.47
second	2	6	second6	168	92.00	7.40	5.00	217.00	72.00	5.56	10.03	63.47
second	2	6	second6	169	179.00	11.10	8.00	130.00	95.00	8.90	9.98	63.47
second	2	6	second6	170	114.50	12.60	7.00	227.00	86.00	6.70	9.75	63.47
second	2	6	second6	171	135.00	8.80	7.00	110.00	93.00	3.33	12.92	63.47
second	2	6	second6	172	144.50	10.40	6.00	93.00	86.00	3.00	8.43	63.47
second	2	6	second6	173	79.00	7.90	6.00	213.00	71.00	5.80	12.92	63.47
second	2	6	second6	174	117.50	18.20	9.00	136.00	94.00	1.67	11.22	63.47
second	2	6	second6	175	111.00	8.70	7.00	161.00	87.00	8.00	11.29	63.47
second	2	6	second6	176	109.30	8.10	6.00	103.00	87.00	6.88	11.16	63.47
second	2	6	second6	177	176.50	11.00	6.00	151.00	87.00	6.17	10.01	63.47
second	2	6	second6	178	198.50	14.90	8.00	117.00	107.00	8.33	10.04	63.47
second	2	6	second6	179	166.00	13.60	7.00	148.00	86.00	3.33	11.16	63.47
second	2	6	second6	180	150.50	13.20	8.00	110.00	102.00	6.75	9.11	63.47
